0.68
0.7
0.71
0.73
0.76
0.79
0.81
0.84
0.85
0.89
0.9
0.92
0.94
0.97
0.99
1.02
1.02
1.04
1.06
1.08
1.1
1.12
1.15
1.17
1.19
1.2
1.21
1.22
1.26
1.26
1.28
1.3
1.33
1.35
1.35
1.38
1.39
1.41
1.43
1.46
1.46
1.47
1.5
1.51
1.52
1.55
1.56
1.57
1.59
1.6
1.61
1.62
1.64
1.65
1.68
1.69
1.69
1.71
1.73
1.74
1.75
1.77
1.78
1.79
1.79
1.82
1.83
1.84
1.87
1.87
1.88
1.89
1.91
1.92
1.93
1.95
1.96
1.97
1.97
1.99
2.0
2.0
2.01
2.02
2.04
2.05
2.05
2.08
2.09
2.09
2.1
2.11
2.11
2.13
2.15
2.15
2.17
2.17
2.18
2.19
2.19
2.2
2.22
2.22
2.23
2.24
2.24
2.26
2.26
2.27
2.28
2.28
2.31
2.31
2.31
2.32
2.33
2.33
2.35
2.35
2.36
2.37
2.37
2.37
2.38
2.4
2.4
2.41
2.41
2.42
2.42
2.44
2.45
2.45
2.45
2.46
2.46
2.47
2.49
2.5
2.5
2.51
2.5
2.51
2.51
2.53
2.53
2.54
2.54
2.54
2.55
2.57
2.57
2.57
2.57
2.58
2.58
2.6
2.6
2.59
2.62
2.6
2.62
2.62
2.62
2.63
2.63
2.63
2.64
2.64
2.66
2.66
2.66
2.67
2.67
2.67
2.67
2.68
2.69
2.69
2.69
2.69
2.71
2.71
2.71
2.72
2.72
2.72
2.72
2.72
2.73
2.73
2.75
2.73
2.75
2.75
2.76
2.76
2.76
2.76
2.75
2.67
2.59
2.54
2.47
2.4
2.35
2.29
2.23
2.17
2.11
2.06
2.01
1.96
1.92
1.87
1.82
1.78
1.73
1.69
1.65
1.61
1.57
1.55
1.5
1.47
1.42
1.39
1.37
1.31
1.29
1.26
1.24
1.2
1.17
1.13
1.11
1.1
1.06
1.04
1.02
0.98
0.97
0.94
0.92
0.9
0.88
0.85
0.82
0.82
0.8
0.77
0.76
0.73
0.72
0.71
0.7
0.67
0.66
0.63
0.62
0.62
0.61
0.58
0.57
0.55
0.54
0.53
0.53
0.5
0.49
0.49
0.46
0.46
0.44
0.44
0.44
0.41
0.4
0.4
0.39
0.37
0.36
0.36
0.35
0.35
0.34
0.32
0.32
0.31
0.31
0.3
0.3
0.28
0.28
0.27
0.26
0.26
0.26
0.24
0.24
0.23
0.23
0.22
0.22
0.21
0.21
0.21
0.21
0.18
0.19
0.18
0.18
0.17
0.17
0.17
0.17
0.15
0.15
0.14
0.15
0.15
0.14
0.13
0.13
0.13
0.13
0.12
0.13
0.12
0.12
0.12
0.12
0.12
0.12
0.1
0.1
0.1
0.09
0.1
0.1
0.09
0.09
0.09
0.09
0.09
0.08
0.08
0.08
0.08
0.08
0.08
0.08
